0022400001
0022400002
0022400003
0022400004
0022400005
0022400006
0022400007
0022400008
0022400009
0022400010
0022400011
0022400012
0022400013
0022400014
0022400015
0022400016
0022400017
0022400018
0022400019
0022400020
0022400021
0022400022
0022400023
0022400024
0022400025
0022400026
0022400027
0022400028
0022400029
0022400030
0022400031
0022400032
0022400033
0022400034
0022400035
0022400036
0022400037
0022400038
0022400039
0022400040
0022400041
0022400042
0022400043
0022400044
0022400045
0022400046
0022400047
0022400048
0022400049
0022400050
0022400051
0022400052
0022400053
0022400054
0022400055
0022400056
0022400057
0022400058
0022400059
0022400060
0022400061
0022400062
0022400063
0022400064
0022400065
0022400066
0022400067
0022400068
0022400069
0022400070
0022400071
0022400072
0022400073
0022400074
0022400075
0022400076
0022400077
0022400078
0022400079
0022400080
0022400081
0022400082
0022400083
0022400084
0022400085
0022400086
0022400087
0022400088
0022400089
0022400090
0022400091
0022400092
0022400093
0022400094
0022400095
0022400096
0022400097
0022400098
0022400099
0022400100
0022400106
0022400107
0022400108
0022400109
0022400110
0022400111
0022400112
0022400118
0022400119
0022400120
0022400121
0022400122
0022400123
0022400124
0022400125
0022400126
0022400127
0022400128
0022400129
0022400130
0022400131
0022400132
0022400133
0022400134
0022400135
0022400136
0022400137
0022400138
0022400139
0022400140
0022400141
0022400142
0022400143
0022400144
0022400145
0022400146
0022400147
0022400148
0022400149
0022400150
0022400151
0022400152
0022400153
0022400154
0022400155
0022400156
0022400157
0022400158
0022400159
0022400160
0022400161
0022400162
0022400163
0022400164
0022400165
0022400166
0022400167
0022400168
0022400169
0022400170
0022400171
0022400172
0022400173
0022400174
0022400175
0022400176
0022400177
0022400178
0022400179
0022400180
0022400181
0022400182
0022400183
0022400184
0022400185
0022400186
0022400187
0022400188
0022400189
0022400190
0022400191
0022400192
0022400193
0022400194
0022400195
0022400196
0022400197
0022400198
0022400199
0022400200
0022400201
0022400202
0022400203
0022400204
0022400205
0022400206
0022400207
0022400208
0022400209
0022400210
0022400211
0022400212
0022400213
0022400214
0022400215
0022400216
0022400217
0022400218
0022400219
0022400220
0022400221
0022400222
0022400223
0022400224
0022400225
0022400226
0022400227
0022400228
0022400229
0022400230
0022400231
0022400232
0022400233
0022400234
0022400235
0022400236
0022400237
0022400238
0022400239
0022400240
0022400241
0022400242
0022400243
0022400244
0022400247
0022400248
0022400249
0022400250
0022400251
0022400252
0022400253
0022400254
0022400255
0022400256
0022400257
0022400258
0022400259
0022400262
0022400263
0022400264
0022400265
0022400266
0022400267
0022400268
0022400269
0022400270
0022400273
0022400274
0022400275
0022400276
0022400277
0022400278
0022400279
0022400280
0022400281
0022400282
0022400283
0022400284
0022400285
0022400286
0022400287
0022400288
0022400289
0022400290
0022400296
0022400297
0022400298
0022400299
0022400300
0022400301
0022400302
0022400303
0022400304
0022400305
0022400306
0022400307
0022400308
0022400309
0022400310
0022400311
0022400312
0022400313
0022400314
0022400315
0022400318
0022400319
0022400320
0022400321
0022400322
0022400323
0022400324
0022400325
0022400326
0022400327
0022400328
0022400330
0022400331
0022400332
0022400333
0022400334
0022400335
0022400336
0022400337
0022400338
0022400339
0022400340
0022400341
0022400342
0022400343
0022400344
0022400345
0022400346
0022400347
0022400348
0022400352
0022400353
0022400354
0022400355
0022400356
0022400357
0022400358
0022400359
0022400360
0022400361
0022400378
0022400379
0022400380
0022400381
0022400382
0022400383
0022400384
0022400385
0022400386
0022400387
0022400394
0022400395
0022400396
0022400397
0022400398
0022400399
0022400400
0022400401
0022400402
0022400403
0022400406
0022400407
0022400408
0022400409
0022400410
0022400411
0022400412
0022400413
0022400414
0022400415
0022400417
0022400418
0022400419
0022400420
0022400421
0022400422
0022400423
0022400424
0022400425
0022400426
0022400427
0022400429
0022400430
0022400431
0022400432
0022400433
0022400434
0022400435
0022400436
0022400437
0022400438
0022400439
0022400458
0022400459
0022400460
0022400461
0022400462
0022400463
0022400464
0022400465
0022400466
0022400470
0022400471
0022400472
0022400473
0022400474
0022400475
0022400476
0022400477
0022400478
0022400479
0022400480
0022400481
0022400482
0022400483
0022400484
0022400485
0022400486
0022400487
0022400488
0022400493
0022400494
0022400495
0022400496
0022400497
0022400498
0022400499
0022400500
0022400501
0022400101
0022400102
0022400103
0022400104
0022400105
0022400113
0022400114
0022400115
0022400116
0022400117
0022400246
0022400260
0022400261
0022400271
0022400272
0022400291
0022400292
0022400293
0022400294
0022400295
0022400316
0022400317
0022400329
0022400349
0022400350
0022400351
0022400362
0022400363
0022400364
0022400365
0022400366
0022400367
0022400368
0022400369
0022400370
0022400371
0022400372
0022400373
0022400374
0022400375
0022400376
0022400377
0022400388
0022400389
0022400390
0022400391
0022400392
0022400393
0022400404
0022400405
0022400416
0022400428
0022400440
0022400441
0022400443
0022400444
0022400445
0022400446
0022400447
0022400448
0022400449
0022400451
0022400452
0022400453
0022400454
0022400455
0022400456
0022400457
0022400469
0022400489
0022400490
0022400491
0022400492
0022400502
0022400503
0022400504
0022400505
0022400506
0022400508
0022400509
0022400510
0022400511
0022400512
0022400513
0022400514
0022400516
0022400517
0022400518
0022400519
0022400520
0022400521
0022400522
0022400523
0022400525
0022400526
0022400527
0022400530
0022400531
0022400533
0022400534
0022400535
0022400536
0022400539
0022400540
0022400541
0022400542
0022400543
0022400544
0022400545
0022400546
0022400555
0022400556
0022400557
0022400558
0022400559
0022400560
0022400561
0022400563
0022400564
0022400565
0022400566
0022400567
0022400568
0022400569
0022400571
0022400572
0022400573
0022400574
0022400575
0022400576
0022400577
0022400580
0022400581
0022400582
0022400583
0022400584
0022400585
0022400586
0022400587
0022400588
0022400589
0022400608
0022400609
0022400610
0022400611
0022400612
0022400613
0022400614
0022400615
0022400616
0022400618
0022400619
0022400620
0022400621
0022400622
0022400623
0022400624
0022400625
0022400626
0022400628
0022400629
0022400630
0022400631
0022400632
0022400633
0022400634
0022400635
0022400636
0022400637
0022400638
0022400639
0022400640
0022400641
0022400642
0022400643
0022400644
0022400645
0022400646
0022400983
0022401201
0022401202
0022401203
0022401204
0022401205
0022401206
0022401207
0022401208
0022401209
0022401210
0022401211
0022401212
0022401213
0022401214
0022401215
0022401216
0022401217
0022401218
0022401219
0022401220
0022401221
0022401222
0022401223
0022401224
0022401225
0022401226
0022401227
0022401228
0022401229
0022401230
0022400245
0022400442
0022400450
0022400467
0022400468
0022400507
0022400515
0022400528
0022400529
0022400547
0022400548
0022400549
0022400550
0022400551
0022400552
0022400553
0022400554
0022400562
0022400570
0022400578
0022400579
0022400594
0022400590
0022400591
0022400592
0022400593
0022400595
0022400596
0022400597
0022400598
0022400599
0022400600
0022400601
0022400602
0022400603
0022400604
0022400605
0022400606
0022400607
