0022200001
0022200002
0022200003
0022200004
0022200005
0022200006
0022200007
0022200008
0022200009
0022200010
0022200011
0022200012
0022200013
0022200014
0022200015
0022200016
0022200017
0022200018
0022200019
0022200020
0022200021
0022200022
0022200023
0022200024
0022200025
0022200026
0022200027
0022200028
0022200029
0022200030
0022200031
0022200032
0022200033
0022200034
0022200035
0022200036
0022200037
0022200038
0022200039
0022200040
0022200041
0022200042
0022200043
0022200044
0022200045
0022200046
0022200047
0022200048
0022200049
0022200050
0022200051
0022200052
0022200053
0022200054
0022200055
0022200056
0022200057
0022200058
0022200059
0022200060
0022200061
0022200062
0022200063
0022200064
0022200065
0022200066
0022200067
0022200068
0022200069
0022200070
0022200071
0022200072
0022200073
0022200074
0022200075
0022200076
0022200077
0022200078
0022200079
0022200080
0022200081
0022200082
0022200083
0022200084
0022200085
0022200086
0022200087
0022200088
0022200089
0022200090
0022200091
0022200092
0022200093
0022200094
0022200095
0022200096
0022200097
0022200098
0022200099
0022200100
0022200101
0022200102
0022200103
0022200104
0022200105
0022200106
0022200107
0022200108
0022200109
0022200110
0022200111
0022200112
0022200113
0022200114
0022200115
0022200116
0022200117
0022200118
0022200119
0022200120
0022200121
0022200122
0022200123
0022200124
0022200125
0022200126
0022200127
0022200128
0022200129
0022200130
0022200131
0022200132
0022200133
0022200134
0022200135
0022200136
0022200137
0022200138
0022200139
0022200140
0022200141
0022200142
0022200143
0022200144
0022200145
0022200146
0022200147
0022200148
0022200149
0022200150
0022200151
0022200152
0022200153
0022200154
0022200155
0022200156
0022200157
0022200158
0022200159
0022200160
0022200161
0022200162
0022200163
0022200164
0022200165
0022200166
0022200167
0022200168
0022200169
0022200170
0022200171
0022200172
0022200173
0022200174
0022200175
0022200176
0022200177
0022200178
0022200179
0022200180
0022200181
0022200182
0022200183
0022200184
0022200185
0022200186
0022200187
0022200188
0022200189
0022200190
0022200191
0022200192
0022200193
0022200194
0022200195
0022200196
0022200197
0022200198
0022200199
0022200200
0022200201
0022200202
0022200203
0022200204
0022200205
0022200206
0022200207
0022200208
0022200209
0022200210
0022200211
0022200212
0022200213
0022200214
0022200215
0022200216
0022200217
0022200218
0022200219
0022200220
0022200221
0022200222
0022200223
0022200224
0022200225
0022200226
0022200227
0022200228
0022200229
0022200230
0022200231
0022200232
0022200233
0022200234
0022200235
0022200236
0022200237
0022200238
0022200239
0022200240
0022200241
0022200242
0022200243
0022200244
0022200245
0022200246
0022200247
0022200248
0022200249
0022200250
0022200251
0022200252
0022200253
0022200254
0022200255
0022200256
0022200257
0022200258
0022200259
0022200260
0022200261
0022200262
0022200263
0022200264
0022200265
0022200266
0022200267
0022200268
0022200269
0022200270
0022200271
0022200272
0022200273
0022200274
0022200275
0022200276
0022200277
0022200278
0022200279
0022200280
0022200281
0022200282
0022200283
0022200284
0022200285
0022200286
0022200287
0022200288
0022200289
0022200290
0022200291
0022200292
0022200293
0022200294
0022200295
0022200296
0022200297
0022200298
0022200299
0022200300
0022200301
0022200302
0022200303
0022200304
0022200305
0022200306
0022200307
0022200308
0022200309
0022200310
0022200311
0022200312
0022200313
0022200314
0022200315
0022200316
0022200317
0022200318
0022200319
0022200320
0022200321
0022200322
0022200323
0022200324
0022200325
0022200326
0022200327
0022200328
0022200329
0022200330
0022200331
0022200332
0022200333
0022200334
0022200335
0022200336
0022200337
0022200338
0022200339
0022200340
0022200341
0022200342
0022200343
0022200344
0022200345
0022200346
0022200347
0022200348
0022200349
0022200350
0022200351
0022200352
0022200353
0022200354
0022200355
0022200356
0022200357
0022200358
0022200359
0022200360
0022200361
0022200362
0022200363
0022200364
0022200365
0022200366
0022200367
0022200368
0022200369
0022200370
0022200371
0022200372
0022200373
0022200374
0022200375
0022200376
0022200377
0022200378
0022200379
0022200380
0022200381
0022200382
0022200383
0022200384
0022200385
0022200386
0022200387
0022200388
0022200389
0022200390
0022200391
0022200392
0022200393
0022200394
0022200395
0022200396
0022200397
0022200398
0022200399
0022200400
0022200401
0022200402
0022200403
0022200404
0022200405
0022200406
0022200407
0022200408
0022200409
0022200410
0022200411
0022200412
0022200413
0022200414
0022200415
0022200416
0022200417
0022200418
0022200419
0022200420
0022200421
0022200422
0022200423
0022200424
0022200425
0022200426
0022200427
0022200428
0022200429
0022200430
0022200431
0022200432
0022200433
0022200434
0022200435
0022200436
0022200437
0022200438
0022200439
0022200440
0022200441
0022200442
0022200443
0022200444
0022200445
0022200446
0022200447
0022200448
0022200449
0022200450
0022200451
0022200452
0022200453
0022200454
0022200455
0022200456
0022200457
0022200458
0022200459
0022200460
0022200461
0022200462
0022200463
0022200464
0022200465
0022200466
0022200467
0022200468
0022200469
0022200470
0022200471
0022200472
0022200473
0022200474
0022200475
0022200476
0022200477
0022200478
0022200479
0022200480
0022200481
0022200482
0022200483
0022200484
0022200485
0022200486
0022200487
0022200488
0022200489
0022200490
0022200491
0022200492
0022200493
0022200494
0022200495
0022200496
0022200497
0022200498
0022200499
0022200500
0022200501
0022200502
0022200503
0022200504
0022200505
0022200506
0022200507
0022200508
0022200509
0022200510
0022200511
0022200512
0022200513
0022200514
0022200515
0022200516
0022200517
0022200518
0022200519
0022200520
0022200521
0022200522
0022200523
0022200524
0022200525
0022200526
0022200527
0022200528
0022200529
0022200530
0022200531
0022200532
0022200533
0022200534
0022200535
0022200536
0022200537
0022200538
0022200539
0022200540
0022200541
0022200542
0022200543
0022200544
0022200545
0022200546
0022200547
0022200548
0022200549
0022200550
0022200551
0022200552
0022200553
0022200554
0022200555
0022200556
0022200557
0022200558
0022200559
0022200560
0022200561
0022200562
0022200563
0022200564
0022200565
0022200566
0022200567
0022200568
0022200569
0022200570
0022200571
0022200572
0022200573
0022200574
0022200575
0022200576
0022200577
0022200578
0022200579
0022200580
0022200581
0022200582
0022200583
0022200584
0022200585
0022200586
0022200587
0022200588
0022200589
0022200590
0022200591
0022200592
0022200593
0022200594
0022200595
0022200596
0022200597
0022200598
0022200599
0022200600
0022200601
0022200602
0022200603
0022200604
0022200605
0022200606
0022200607
0022200608
0022200609
0022200610
0022200611
0022200612
0022200613
0022200614
0022200615
0022200616
0022200617
0022200618
0022200619
0022200620
0022200621
0022200622
0022200623
0022200624
0022200625
0022200626
0022200627
0022200628
0022200629
0022200630
0022200631
0022200632
0022200633
0022200634
0022200635
0022200636
0022200637
0022200638
0022200639
0022200640
0022200641
0022200642
0022200643
0022200644
0022200645
0022200646
0022200647
0022200648
0022200649
0022200650
0022200651
0022200652
0022200653
0022200654
0022200655
0022200656
0022200657
0022200658
0022200659
0022200660
0022200661
0022200662
0022200663
0022200664
0022200665
0022200666
0022200668
0022200669
0022200670
0022200671
0022200672
0022200673
0022200674
0022200675
0022200676
0022200677
0022200678
0022200667
0022200679
0022200680
0022200681
0022200682
0022200683
0022200684
0022200685
0022200686
0022200687
0022200688
0022200689
0022200690
0022200691
0022200692
0022200693
0022200694
0022200695
0022200696
0022200697
0022200698
0022200699
0022200700
0022200701
0022200702
0022200703
0022200704
0022200705
0022200706
0022200707
0022200708
0022200709
0022200710
0022200711
0022200712
0022200713
0022200714
0022200715
0022200716
0022200717
0022200718
0022200719
0022200720
0022200721
0022200722
0022200723
0022200724
0022200725
0022200726
0022200727
0022200728
0022200729
0022200730
0022200731
0022200732
0022200733
0022200734
0022200735
0022200736
0022200737
0022200738
0022200739
0022200740
0022200741
0022200742
0022200743
0022200744
0022200745
0022200746
0022200747
0022200748
0022200749
0022200750
0022200751
0022200752
0022200753
0022200754
0022200755
0022200756
0022200757
0022200758
0022200759
0022200760
0022200761
0022200762
0022200763
0022200764
0022200765
0022200766
0022200767
0022200768
0022200769
0022200770
0022200771
0022200772
0022200773
0022200774
0022200775
0022200776
0022200777
0022200778
0022200779
0022200780
0022200781
0022200782
0022200783
0022200784
0022200785
0022200786
0022200787
0022200788
0022200789
0022200790
0022200791
0022200792
0022200793
0022200794
0022200795
0022200796
0022200797
0022200798
0022200799
0022200800
0022200801
0022200802
0022200803
0022200804
0022200805
0022200806
0022200807
0022200808
0022200809
0022200810
0022200811
0022200812
0022200813
0022200814
0022200815
0022200816
0022200817
0022200818
0022200819
0022200820
0022200821
0022200822
0022200823
0022200824
0022200825
0022200826
0022200827
0022200828
0022200829
0022200830
0022200831
0022200832
0022200833
0022200834
0022200835
0022200836
0022200837
0022200838
0022200839
0022200840
0022200841
0022200842
0022200843
0022200844
0022200845
0022200846
0022200847
0022200848
0022200849
0022200850
0022200851
0022200852
0022200853
0022200854
0022200855
0022200856
0022200857
0022200858
0022200859
0022200860
0022200861
0022200862
0022200863
0022200864
0022200865
0022200866
0022200867
0022200868
0022200869
0022200870
0022200871
0022200872
0022200873
0022200874
0022200875
0022200876
0022200877
0022200878
0022200879
0022200880
0022200881
0022200882
0022200883
0022200884
0022200885
0022200886
0022200887
0022200888
0022200889
0022200890
0022200891
0022200892
0022200893
0022200894
0022200895
0022200896
0022200897
0022200898
0022200899
0022200900
0022200901
0022200902
0022200903
0022200904
0022200905
0022200906
0022200907
0022200908
0022200909
0022200910
0022200911
0022200912
0022200913
0022200914
0022200915
0022200916
0022200917
0022200918
0022200919
0022200920
0022200921
0022200922
0022200923
0022200924
0022200925
0022200926
0022200927
0022200928
0022200929
0022200930
0022200931
0022200932
0022200933
0022200934
0022200935
0022200936
0022200937
0022200938
0022200939
0022200940
0022200941
0022200942
0022200943
0022200944
0022200945
0022200946
0022200947
0022200948
0022200949
0022200950
0022200951
0022200952
0022200953
0022200954
0022200955
0022200956
0022200957
0022200958
0022200959
0022200960
0022200961
0022200962
0022200963
0022200964
0022200965
0022200966
0022200967
0022200968
0022200969
0022200970
0022200971
0022200972
0022200973
0022200974
0022200975
0022200976
0022200977
0022200978
0022200979
0022200980
0022200981
0022200982
0022200983
0022200984
0022200985
0022200986
0022200987
0022200988
0022200989
0022200991
0022200992
0022200993
0022200994
0022200995
0022200996
0022200997
0022200998
0022200999
0022201000
0022201001
0022201002
0022201003
0022201004
0022201005
0022201006
0022201007
0022201008
0022201009
0022201010
0022201011
0022201012
0022201013
0022201014
0022201015
0022201016
0022201017
0022201018
0022201019
0022201020
0022201021
0022201022
0022201023
0022201024
0022201025
0022201026
0022201027
0022201028
0022201029
0022201030
0022201031
0022201032
0022201033
0022201034
0022201035
0022201036
0022201037
0022201038
0022201039
0022201040
0022201041
0022201042
0022201043
0022201044
0022201045
0022201046
0022201047
0022201048
0022201049
0022201050
0022201051
0022201052
0022201053
0022201054
0022201055
0022201056
0022201057
0022201058
0022201059
0022201060
0022201061
0022201062
0022201063
0022201064
0022201065
0022201066
0022201067
0022201068
0022201069
0022201070
0022201071
0022201072
0022201073
0022201074
0022201075
0022201076
0022201077
0022201078
0022201079
0022201080
0022201081
0022201082
0022201083
0022201084
0022201085
0022201086
0022201087
0022201088
0022201089
0022201090
0022201091
0022201092
0022201093
0022201094
0022201095
0022201096
0022201097
0022201098
0022201099
0022201100
0022201101
0022201102
0022201103
0022201104
0022201105
0022201106
0022201107
0022201108
0022201109
0022201110
0022201111
0022201112
0022201113
0022201114
0022201115
0022201116
0022201117
0022201118
0022201119
0022201120
0022201121
0022201122
0022201123
0022201124
0022201125
0022201126
0022201127
0022201128
0022201129
0022201130
0022201131
0022201132
0022201133
0022201134
0022201135
0022201136
0022201137
0022201138
0022201139
0022201140
0022201141
0022201142
0022201143
0022201144
0022201145
0022201146
0022201147
0022201148
0022201149
0022201150
0022201151
0022201152
0022201153
0022201154
0022201155
0022201156
0022201157
0022201158
0022201159
0022201160
0022201161
0022201162
0022201163
0022201164
0022201165
0022201166
0022201167
0022201168
0022201169
0022201170
0022201171
0022201172
0022201173
0022201174
0022201175
0022201176
0022201177
0022201178
0022201179
0022201180
0022201181
0022201182
0022201183
0022201184
0022201185
0022201186
0022201187
0022201188
0022201189
0022201190
0022201191
0022201192
0022201193
0022201194
0022201195
0022201196
0022201197
0022201198
0022201199
0022201200
0022201201
0022201202
0022201203
0022201204
0022201205
0022201206
0022201207
0022201208
0022201209
0022201210
0022201211
0022201212
0022201213
0022201214
0022201215
0022201216
0022201217
0022201218
0022201219
0022201220
0022201221
0022201222
0022201223
0022201224
0022201225
0022201226
0022201227
0022201228
0022201229
0022201230
0022200990
